%YAML:1.0
---
calibration_time: "Fri Jun 15 15:45:27 2018"
image_width: 3072
image_height: 2048
board_width: 9
board_height: 6
square_size: 2.8599999845027924e-02
flags: 0
camera_matrix: !!opencv-matrix
   rows: 3
   cols: 3
   dt: d
   data: [ 2759.48, 0., 1520.69, 0.,
      2764.16, 1006.81, 0., 0., 1. ]
distortion_coefficients: !!opencv-matrix
   rows: 5
   cols: 1
   dt: d
   data: [ 0.0, 0.0,
       0.0, 0.0,
       0.0 ]
avg_reprojection_error: 1.7905862170215078e-01
